000000000001111300000000000000111000000000000000000111100000000000000000000001111100000000000000011111000000000000000000000000111111000000000000000000
000000000001111100000000000000111000000000000000000111100000000000000000000001111100000000000000011111000000000000000000000000111110000000000000000000
000000000001131100000000000000131000000000000000000113100000000000000000000001111100000000000000011210000000000000000000000001111100000000000000000000
000000000001111100000000000001110000000000000000000011110000000000000000000011121000000000000000001111000000000000000000000001111100000000000000000000
000000000000111100000000000001110000000000000000000011110000000000000000000011111000000000000000001111000000000000000000000011121000000000000000000000
000000000000111110000000000001110000000000000000000001111000000000000000000011111000000000000000000111100000000000000000000011111000000000000000000000
000000000000113110000000000000111000000000000000000001111000000000000000000011111000000000000000000011110000000000000000000011111000000000000000000000
000000000000011110000000000000111000000000000000000001311000000000000000000011111000000000000000000001211000000000000000000121110000000000000000000000
000000000000011111000000000000011100000000000000000000111100000000000000000112110000000000000000000001111100000000000000000111110000000000000000000000
000000000000011111000000000000013100000000000000000000111100000000000000000111110000000000000000000000121110000000000000000112110000000000000000000000
000000000000011131000000000000001110000000000000000000113100000000000000000111111100000000000000000000011111000000000000001111120000000000000000000000
000000000000001111000000000000001110000000000000000000111100000000000000000112111110000000000000000000011111000000000000001111111000000000000000000000
000000000000003111100000000000001130000000000000000003111000000000000000001111101110000000000000000000011121000000000000011112111000000000000000000000
000000000000001111100000000000001110000000000000000001111000000000000000001111001110000000000000000000111110000000000000111011111000000000000000000000
000000000000000111110000000000000311000000000000000001111000000000000000011111001110000000000000000000121110000000000001110001111100000000000000000000
000000000000000011111000000000000111000000000000000001131000000000000000011111000111000000000000000001111100000000000011100001112100000000000000000000
000000000000000011111000000000000111000000000000000001111000000000000000111110000111000000000000000011111000000000000111100000011111000000000000000000
000000000000000001311000000000000111000000000000000001111100000000000000111110000012100000000000000111110000000000001111000000111210000000000000000000
000000000000000001111100000000001130000000000000000001131110000000000000112110000011100000000000001111100000000000012110000000011111000000000000000000
000000000000000000031110000000011100000000000000000001111111000000000000111100000011100000000000001121100000000000111100000000001111100000000000000000
000000000000000000011131000000011100000000000000000001311011100000000001211100000011100000000000002111100000000021110000000000000111110000000000000000
000000000000000000011110000000013100000000000000000011110011100000000001111100000011100000000000000111110000001111000000000000000121110000000000000000
000000000000000000011110000000111000000000000000000011130011100000000001111100000111000000000000000112110000112100000000000000000011111000000000000000
000000000000000000111110000001110000000000000000000011130001110000000011111000000111000000000000000011111011110000000000000000000011111000000000000000
000000000000000000111110000013100000000000000000000011110001110000000112110000001110000000000000000001111111000000000000000000000011111000000000000000
000000000000000000111110000111000000000000000000000111100000111000000111110000001110000000000000000001111110000000000000000000000001111100000000000000
000000000000000001113100001110000000000000000000000131100000111000000111110000001111100000000000000001111100000000000000000000000001121100000000000000
000000000000000001111100001110000000000000000000000111100000011100000011110000001121111000000000000001121100000000000000000000000011111000000000000000
00000000000000001111100001111100000000000000000000011110000001120000011112000000011112110000000000011111000000000000000000000000111110000000000000000
000000000000000011111000111011100000000000000000001131000000011100000111110000000111001111110000000011111000000000000000000000000111110000000000000000
000000000000000011311001110011100000000000000000001111000000001210000111110000000111000011111100000011111000000000000000000000001112100000000000000000
000000000000000111110011100011100000000000000000011110000000000111001111100000000111000000111211000011111000000000000000000000001111100000000000000000
000000000000000111110111000001110000000000000000011110000000000011101111100000000011100000000121111111111100000000000000000000001111100000000000000000
000000000000000111111110000000111000000000000000011110000000000001111111100000000012100000000001111111121110000000000000000000012111000000000000000000
000000000000001111111000000000011100000000000000011110000000000000111111000000000011100000000000001111101111000000000000000000011111000000000000000000
000000000000001131110000000000013100000000000000111100000000000000011111000000000001110000000000011111000111100000000000000000111110000000000000000000
000000000000001111100000000000011100000000000000111100000000000000011111000000000001110000000000011111000111100000000000000001111100000000000000000000
000000000000011111000000000000001110000000000001111000000000000000021111000000000001110000000000011111000012110000000000000011111000000000000000000000
000000000000011111000000000000000111000000000001311000000000000000111110000000000001110000000000001111200001111000000000000011211000000000000000000000
000000000000013111000000000000000011100000000011110000000000000000111110000000000011100000000000000111110000111100000000000001111100000000000000000000
000000000000111110000000000000000001110000000111100000000000000001111100000000000011100000000000000011121000011110000000000000111110000000000000000000
000000000000111110000000000000000000111000000111300000000000000001111100000000000011100000000000000011111000001111000000000000112110000000000000000000
000000000000311110000000000000000000013100000111100000000000000001112100000000000011100000000000000001211100001111000000000001111100000000000000000000
000000000000111110000000000000000000001110001111000000000000000011111000000000000111000000000000000001111100000112100000000011111000000000000000000000
000000000000113110000000000000000000000111011110000000000000000011111000000000000112000000000000000001111100000011110000000111110000000000000000000000
000000000000011111000000000000000000000011111111000000000000000011111000000000000111000000000000000001111100000011110000011111100000000000000000000000
000000000000011111000000000000000000000000111111000000000000000001121000000000000111000000000000000011111000000001111000111111000000000000000000000000
000000000000011131000000000000000000000000000111000000000000000001111000000000001110000000000000000011111211111211111100011111000000000000000000000000
000000000000001111000000000000000000000000000131100000000000000001111000000000001110000000000000000011111111211111111000011111000000000000000000000000
000000000000000111100000000000000000000000001111100000000000000001111100000000001110000000000000000111211111111111111111012111000000000000000000000000
000000000000000111110000000000000000000000000111110000000000000001111100000000012100000000000000000111110000000000011111111111100000000000000000000000
000000000000000111110000000000000000000000000111111000000000000001121100000000011100000000000000001211100000000000000000011111100000000000000000000000
000000000000000013111000000000000000000000001111111100000000000001111100000000011100000000000000011111000000000000000000001111110000000000000000000000
000000000000000011111000000000000000000000111131111110000000000000111110000000111000000000000000111110000000000000000000000111110000000000000000000000
000000000000000001111100000000000000000001111111111111000000000000111110000000121000000000000011112100000000000000000000000011111000000000000000000000
000000000000000001111300000000000000001111101111100111000000000000111110000001110000000000000111111000000000000000000000000001211100000000000000000000
000000000000000000113110000000000001111110000111100013100000000000011111000021100000000000001111111000000000000000000000000001111100000000000000000000
000000000000000000111110000000000111111000000111100011100000000000011211000111000000000000112110111100000000000000000000000001111100000000000000000000
000000000000000000011111000000013111100000000111100001110000000000001111101110000000000001111100111000000000000000000000000001111100000000000000000000
000000000000000000011111000111111100000000000111100000311000000000000111111100000000000001110000111100000000000000000000000011111000000000000000000000
000000000000000000011111001111310000000000000031110000011100000000000111111000000000000011110000111100000000000000000000000011111000000000000000000000
000000000000000000011111111111000000000000000011110000001110000000000011111000000000000211000000111100000000000000000000000011111000000000000000000000
000000000000000000011111111000000000000000000001111000000111000000000011111000000000111110000001111000000000000000000000000112110000000000000000000000
000000000000000000001111110000000000000000000001111000000011100000000011111000011111111000000011110000000000000000000000000111110000000000000000000000
000000000000000000001111100000000000000000000001131000000001110000000011111111111111110000000011110000000000000000000000001111100000000000000000000000
000000000000000000001111100000000000000000000001111000000000111000000111111111211111100000000001211000000000000000000000002111100000000000000000000000
000000000000000000001111100000000000000000000011110000000000111000000112211111111111000000000001111000000000000000000000011111000000000000000000000000
000000000000000000001111100000000000000000000011110000000000111000000111110000000000000000000000111100000000000000000000111210000000000000000000000000
000000000000000000001131110000000000000000000131100000000000011100000111110000000000000000000000011110000000000000000001111100000000000000000000000000
000000000000000000000111111100000000000000000111100000000000011100001111100000000000000000000000011110000000000000000001111100000000000000000000000000
000000000000000000000113111110000000000000000011110000000000001110001111110000000000000000000000001111000000000000000001111100000000000000000000000000
000000000000000000000111111111000000000000000011310000000000000111001211111000000000000000000000001111000000000000000011111000000000000000000000000000
000000000000000000000111110111000000000000000011110000000000000011100111110000000000000000000000000111100000000000000001121100000000000000000000000000
000000000000000000000113110111000000000000000001111000000000000011100111110000000000000000000000000111100000000000000000111110000000000000000000000000
000000000000000000001111100011100000000000000001111000000000000001110111210000000000000000000000000011210000000000000000011111000000000000000000000000
000000000000000000001311100011100000000000000000111100000000000000111121111000000000000000000000000011110000000000000000001111100000000000000000000000
000000000000000000001111100001110000000000000000111100000000000000011111121100000000000000000000000011110000000000000000000121110000000000000000000000
000000000000000000001111100001110000000000000000011110000000000000001100111110000000000000000000000111100000000000000000000011111000000000000000000000
000000000000000000011131000001110000000000000000001111000000000000000000111120000000000000000000000111100000000000000000000001112100000000000000000000
000000000000000000011111000000111000000000000000001131000000000000000000011111000000000000000000001121000000000000000000000001111100000000000000000000
000000000000000000011111000000011100000000000000011111110000000000000000012111000000000000000000001111000000000000000000000001112100000000000000000000
000000000000000000013111000000001110000000000000011111111000000000000000111210000000000000000000011110000000000000000000000001111100000000000000000000
000000000000000000111110000000000111000000000000011113111110000000000000111110000000000000000000111100000000000000000000000000111110000000000000000000
000000000000000000111110000000000131000000000000111111111131000000000000112111000000000000000000112100000000000000000000000000111110000000000000000000
000000000000000000111110000000000011100000000000113111311111000000000000111111111000000000000000011110000000000000000000000000011111000000000000000000
000000000000000000111110000000000011100000000000011111111110000000000000111112111110000000000000011110000000000000000000000000001111100000000000000000
000000000000001111113110000000000001110000000000000111111000000000000000111111111111000000000000111100000000000000000000000000111111111100000000000000
000000000011111111111111000000000000111000000000000000000000000000000000111111121111000000000000111111100000000000000000001111121111111111000000000000
000000000111311113111111000000000001131110000000000000000000000000000001121111111110000000000001111121110000000000000000011211111111211111000000000000
000000001111111111111111000000000001111111100000000000000000000000000001111111121100000000000011121111111100000000000000121111111211111121100000000000
000000000113111311131113100000000013111111111000000000000000000000000001112111111000000000001111112111121110000000000000011111211112111111000000000000
000000000011111111111111100000000011111113110000000000000000000000000001111211000000000000000111111111111100000000000000000111111121111110000000000000
000000000000131111111110000000000001113111100000000000000000000000000000111110000000000000000111111112111000000000000000000011121111110000000000000000
000000000000001111311100000000000000111131000000000000000000000000000000000000000000000000000011112111110000000000000000000001111110000000000000000000
000000000000000011111000000000000000011110000000000000000000000000000000000000000000000000000000111111000000000000000000000000000000000000000000000000
000000000000000000000000000000000000000000000000000000000000000000000000000000000000000000000000000000000000000000000000000000000000000000000000000000
000000000000000000000000000000000000000000000000000000000000000000000000000000000000000000000000000000000000000000000000000000000000000000000000000000
000000000000000000000000000000000000000000000000000000000000000000000000000000000000000000000000000000000000000000000000000000000000000000000000000000
000000000000000000000000000000000000000000000000000000000000000000000000000000000000000000000000000000000000000000000000000000000000000000000000000000
000000000000000000000000000000000000000000000000000000000000000000000000000000000000000000000000000000000000000000000000000000000000000000000000000000