0000000000011113000000000000001110000000000000000001111000000000000000000000011111000000000000000111110000000000000000000000001111110000000000000000000
0000000000011111000000000000001110000000000000000001111000000000000000000000011111000000000000000111110000000000000000000000001111100000000000000000000
0000000000011311000000000000001310000000000000000001131000000000000000000000011111000000000000000112100000000000000000000000011111000000000000000000000
0000000000011111000000000000011100000000000000000000111100000000000000000000111210000000000000000011110000000000000000000000011111000000000000000000000
0000000000001111000000000000011100000000000000000000111100000000000000000000111110000000000000000011110000000000000000000000111210000000000000000000000
0000000000001111100000000000011100000000000000000000011110000000000000000000111110000000000000000001111000000000000000000000111110000000000000000000000
0000000000001131100000000000001110000000000000000000011110000000000000000000111110000000000000000000111100000000000000000000111110000000000000000000000
0000000000000111100000000000001110000000000000000000013110000000000000000000111110000000000000000000012110000000000000000001211100000000000000000000000
0000000000000111110000000000000111000000000000000000001111000000000000000001121100000000000000000000011111000000000000000001111100000000000000000000000
0000000000000111110000000000000131000000000000000000001111000000000000000001111100000000000000000000001211100000000000000001121100000000000000000000000
0000000000000111310000000000000011100000000000000000001131000000000000000001111111000000000000000000000111110000000000000011111200000000000000000000000
0000000000000011110000000000000011100000000000000000001111000000000000000001121111100000000000000000000111110000000000000011111110000000000000000000000
0000000000000031111000000000000011300000000000000000031110000000000000000011111011100000000000000000000111210000000000000111121110000000000000000000000
0000000000000011111000000000000011100000000000000000011110000000000000000011110011100000000000000000001111100000000000001110111110000000000000000000000
0000000000000001111100000000000003110000000000000000011110000000000000000111110011100000000000000000001211100000000000011100011111000000000000000000000
0000000000000000111110000000000001110000000000000000011310000000000000000111110001110000000000000000011111000000000000111000011121000000000000000000000
0000000000000000111110000000000001110000000000000000011110000000000000001111100001110000000000000000111110000000000001111000000111110000000000000000000
0000000000000000013110000000000001110000000000000000011111000000000000001111100000121000000000000001111100000000000011110000001112100000000000000000000
0000000000000000011111000000000011300000000000000000011311100000000000001121100000111000000000000011111000000000000121100000000111110000000000000000000
0000000000000000000311100000000111000000000000000000011111110000000000001111000000111000000000000011211000000000001111000000000011111000000000000000000
0000000000000000000111310000000111000000000000000000013110111000000000012111000000111000000000000021111000000000211100000000000001111100000000000000000
0000000000000000000111100000000131000000000000000000111100111000000000011111000000111000000000000001111100000011110000000000000001211100000000000000000
0000000000000000000111100000001110000000000000000000111300111000000000011111000001110000000000000001121100001121000000000000000000111110000000000000000
0000000000000000001111100000011100000000000000000000111300011100000000111110000001110000000000000000111110111100000000000000000000111110000000000000000
0000000000000000001111100000131000000000000000000000111100011100000001121100000011100000000000000000011111110000000000000000000000111110000000000000000
0000000000000000001111100001110000000000000000000001111000001110000001111100000011100000000000000000011111100000000000000000000000011111000000000000000
0000000000000000011131000011100000000000000000000001311000001110000001111100000011111000000000000000011111000000000000000000000000011211000000000000000
0000000000000000011111000011100000000000000000000001111000000111000000111100000011211110000000000000011211000000000000000000000000111110000000000000000
0000000000000000111110000111110000000000000000000001111000000112000001111200000001111211000000000001111100000000000000000000000011111000000000000000000
0000000000000000111110001110111000000000000000000011310000000111000001111100000001110011111100000000111110000000000000000000000001111100000000000000000
0000000000000000113110011100111000000000000000000011110000000012100001111100000001110000111111000000111110000000000000000000000011121000000000000000000
0000000000000001111100111000111000000000000000000111100000000001110011111000000001110000001112110000111110000000000000000000000011111000000000000000000
0000000000000001111101110000011100000000000000000111100000000000111011111000000000111000000001211111111111000000000000000000000011111000000000000000000
0000000000000001111111100000001110000000000000000111100000000000011111111000000000121000000000011111111211100000000000000000000121110000000000000000000
0000000000000011111110000000000111000000000000000111100000000000001111110000000000111000000000000011111011110000000000000000000111110000000000000000000
0000000000000011311100000000000131000000000000001111000000000000000111110000000000011100000000000111110001111000000000000000001111100000000000000000000
0000000000000011111000000000000111000000000000001111000000000000000111110000000000011100000000000111110001111000000000000000011111000000000000000000000
0000000000000111110000000000000011100000000000011110000000000000000211110000000000011100000000000111110000121100000000000000111110000000000000000000000
0000000000000111110000000000000001110000000000013110000000000000001111100000000000011100000000000011112000011110000000000000112110000000000000000000000
0000000000000131110000000000000000111000000000111100000000000000001111100000000000111000000000000001111100001111000000000000011111000000000000000000000
0000000000001111100000000000000000011100000001111000000000000000011111000000000000111000000000000000111210000111100000000000001111100000000000000000000
0000000000001111100000000000000000001110000001113000000000000000011111000000000000111000000000000000111110000011110000000000001121100000000000000000000
0000000000003111100000000000000000000131000001111000000000000000011121000000000000111000000000000000012111000011110000000000011111000000000000000000000
0000000000001111100000000000000000000011100011110000000000000000111110000000000001110000000000000000011111000001121000000000111110000000000000000000000
0000000000001131100000000000000000000001110111100000000000000000111110000000000001120000000000000000011111000000111100000001111100000000000000000000000
0000000000000111110000000000000000000000111111110000000000000000111110000000000001110000000000000000011111000000111100000111111000000000000000000000000
0000000000000111110000000000000000000000001111110000000000000000011210000000000001110000000000000000111110000000011110001111110000000000000000000000000
0000000000000111310000000000000000000000000001110000000000000000011110000000000011100000000000000000111112111112111111000111110000000000000000000000000
0000000000000011110000000000000000000000000001311000000000000000011110000000000011100000000000000000111111112111111110000111110000000000000000000000000
0000000000000001111000000000000000000000000011111000000000000000011111000000000011100000000000000001112111111111111111110121110000000000000000000000000
0000000000000001111100000000000000000000000001111100000000000000011111000000000121000000000000000001111100000000000111111111111000000000000000000000000
0000000000000001111100000000000000000000000001111110000000000000011211000000000111000000000000000012111000000000000000000111111000000000000000000000000
0000000000000000131110000000000000000000000011111111000000000000011111000000000111000000000000000111110000000000000000000011111100000000000000000000000
0000000000000000111110000000000000000000001111311111100000000000001111100000001110000000000000001111100000000000000000000001111100000000000000000000000
0000000000000000011111000000000000000000011111111111110000000000001111100000001210000000000000111121000000000000000000000000111110000000000000000000000
0000000000000000011113000000000000000011111011111001110000000000001111100000011100000000000001111110000000000000000000000000012111000000000000000000000
0000000000000000001131100000000000011111100001111000131000000000000111110000211000000000000011111110000000000000000000000000011111000000000000000000000
0000000000000000001111100000000001111110000001111000111000000000000112110001110000000000001121101111000000000000000000000000011111000000000000000000000
0000000000000000000111110000000131111000000001111000011100000000000011111011100000000000011111001110000000000000000000000000011111000000000000000000000
0000000000000000000111110001111111000000000001111000003110000000000001111111000000000000011100001111000000000000000000000000111110000000000000000000000
0000000000000000000111110011113100000000000000311100000111000000000001111110000000000000111100001111000000000000000000000000111110000000000000000000000
0000000000000000000111111111110000000000000000111100000011100000000000111110000000000002110000001111000000000000000000000000111110000000000000000000000
0000000000000000000111111110000000000000000000011110000001110000000000111110000000001111100000011110000000000000000000000001121100000000000000000000000
0000000000000000000011111100000000000000000000011110000000111000000000111110000111111110000000111100000000000000000000000001111100000000000000000000000
0000000000000000000011111000000000000000000000011310000000011100000000111111111111111100000000111100000000000000000000000011111000000000000000000000000
0000000000000000000011111000000000000000000000011110000000001110000001111111112111111000000000012110000000000000000000000021111000000000000000000000000
0000000000000000000011111000000000000000000000111100000000001110000001122111111111110000000000011110000000000000000000000111110000000000000000000000000
0000000000000000000011111000000000000000000000111100000000001110000001111100000000000000000000001111000000000000000000001112100000000000000000000000000
0000000000000000000011311100000000000000000001311000000000000111000001111100000000000000000000000111100000000000000000011111000000000000000000000000000
0000000000000000000001111111000000000000000001111000000000000111000011111000000000000000000000000111100000000000000000011111000000000000000000000000000
0000000000000000000001131111100000000000000000111100000000000011100011111100000000000000000000000011110000000000000000011111000000000000000000000000000
0000000000000000000001111111110000000000000000113100000000000001110012111110000000000000000000000011110000000000000000111110000000000000000000000000000
0000000000000000000001111101110000000000000000111100000000000000111001111100000000000000000000000001111000000000000000011211000000000000000000000000000
0000000000000000000001131101110000000000000000011110000000000000111001111100000000000000000000000001111000000000000000001111100000000000000000000000000
0000000000000000000011111000111000000000000000011110000000000000011101112100000000000000000000000000112100000000000000000111110000000000000000000000000
0000000000000000000013111000111000000000000000001111000000000000001111211110000000000000000000000000111100000000000000000011111000000000000000000000000
0000000000000000000011111000011100000000000000001111000000000000000111111211000000000000000000000000111100000000000000000001211100000000000000000000000
0000000000000000000011111000011100000000000000000111100000000000000011001111100000000000000000000001111000000000000000000000111110000000000000000000000
0000000000000000000111310000011100000000000000000011110000000000000000001111200000000000000000000001111000000000000000000000011121000000000000000000000
0000000000000000000111110000001110000000000000000011310000000000000000000111110000000000000000000011210000000000000000000000011111000000000000000000000
0000000000000000000111110000000111000000000000000111111100000000000000000121110000000000000000000011110000000000000000000000011121000000000000000000000
0000000000000000000131110000000011100000000000000111111110000000000000001112100000000000000000000111100000000000000000000000011111000000000000000000000
0000000000000000001111100000000001110000000000000111131111100000000000001111100000000000000000001111000000000000000000000000001111100000000000000000000
0000000000000000001111100000000001310000000000001111111111310000000000001121110000000000000000001121000000000000000000000000001111100000000000000000000
0000000000000000001111100000000000111000000000001131113111110000000000001111111110000000000000000111100000000000000000000000000111110000000000000000000
0000000000000000001111100000000000111000000000000111111111100000000000001111121111100000000000000111100000000000000000000000000011111000000000000000000
0000000000000011111131100000000000011100000000000001111110000000000000001111111111110000000000001111000000000000000000000000001111111111000000000000000
0000000000111111111111110000000000001110000000000000000000000000000000001111111211110000000000001111111000000000000000000011111211111111110000000000000
0000000001113111131111110000000000011311100000000000000000000000000000011211111111100000000000011111211100000000000000000112111111112111110000000000000
0000000011111111111111110000000000011111111000000000000000000000000000011111111211000000000000111211111111000000000000001211111112111111211000000000000
0000000001131113111311131000000000131111111110000000000000000000000000011121111110000000000011111121111211100000000000000111112111121111110000000000000
0000000000111111111111111000000000111111131100000000000000000000000000011112110000000000000001111111111111000000000000000001111111211111100000000000000
0000000000001311111111100000000000011131111000000000000000000000000000001111100000000000000001111111121110000000000000000000111211111100000000000000000
0000000000000011113111000000000000001111310000000000000000000000000000000000000000000000000000111121111100000000000000000000011111100000000000000000000
0000000000000000111110000000000000000111100000000000000000000000000000000000000000000000000000001111110000000000000000000000000000000000000000000000000
0000000000000000000000000000000000000000000000000000000000000000000000000000000000000000000000000000000000000000000000000000000000000000000000000000000
0000000000000000000000000000000000000000000000000000000000000000000000000000000000000000000000000000000000000000000000000000000000000000000000000000000
0000000000000000000000000000000000000000000000000000000000000000000000000000000000000000000000000000000000000000000000000000000000000000000000000000000
0000000000000000000000000000000000000000000000000000000000000000000000000000000000000000000000000000000000000000000000000000000000000000000000000000000
0000000000000000000000000000000000000000000000000000000000000000000000000000000000000000000000000000000000000000000000000000000000000000000000000000000